CAR_1: 4674 4422 3539 1936 224 3173 752 4240 490 4616 3563 3422 2166 1966 2919 2052 4732 
CAR_2: 4233 4312 3429 4484 1270 1768 1007 2213 283 154 4626 3924 421 3612 2423 3546 1557 3810 3842 3570 2991 1159 1178 1066 4632 241 1702 3680 4607 4576 4599 2828 2617 399 404 1216 153 1767 
CAR_3: 4214 4555 
CAR_4: 4191 4407 1853 2970 2629 2947 4093 3725 3903 3951 3642 885 2802 315 3822 2056 3006 1176 4091 3046 1259 822 659 2540 2407 3272 3671 2373 3944 792 1681 387 208 2860 4353 52 2018 2326 786 4317 3922 1859 1926 1602 1891 1086 1189 4665 634 4188 4337 724 4082 1012 1913 3450 4146 2792 2403 
CAR_5: 4167 4553 797 3897 4416 584 512 
CAR_6: 4398 4086 4245 2589 4574 3844 863 2818 2076 2429 2220 1719 1833 652 1400 1793 4100 3474 163 1610 2119 4081 4417 1498 340 1051 1987 810 2194 3536 3863 2746 713 3078 2496 2801 3124 2299 2093 225 4488 2180 4016 3044 1107 3257 1824 3179 2314 1738 1606 386 3605 3427 4614 4365 1203 834 3629 2963 1110 47 336 718 4152 575 4307 2635 2354 3532 3252 
CAR_7: 4067 4517 978 2766 3330 702 4275 58 3635 2958 774 3984 392 2660 2269 963 2125 2146 3255 1667 1899 355 4318 
CAR_8: 4018 4437 1994 872 2552 2279 1749 3205 2337 1228 3548 1046 1608 4230 3916 
CAR_9: 3973 4464 3347 680 2600 3898 2375 1169 1656 3694 3299 1283 2499 3813 2379 4542 321 369 2789 3238 3149 3333 
CAR_10: 3966 4241 705 3163 539 2838 3566 2397 4156 3643 2003 4298 2886 2037 
CAR_11: 3963 3864 2711 3770 3931 4293 3379 4231 4646 1593 846 1493 4137 2390 2737 1893 2743 4340 2740 4173 3759 
CAR_12: 3862 4177 200 2911 1194 3748 4212 3010 4279 3559 4563 1636 2520 3062 366 2661 1655 2712 3075 3913 3533 3248 180 4204 4442 3818 2982 2503 468 72 
CAR_13: 3784 4054 
CAR_14: 3670 4181 
CAR_15: 4262 3663 2949 2448 2398 4577 1018 3024 4426 541 3369 1932 4040 3668 4341 1164 1866 614 1777 795 3807 3594 4673 3601 2131 4664 1835 1652 1357 1576 3848 535 
CAR_16: 4171 3568 4684 3122 432 4559 2612 1120 4129 102 4692 1240 2893 4005 4288 4513 3246 3170 4314 4004 1139 2485 4371 1455 1710 440 4469 237 1726 1911 985 1503 3829 2205 973 3081 2135 194 750 4425 4723 4358 469 3098 883 3512 2251 2024 4610 2987 3461 2067 3936 1406 3493 2159 1060 198 727 610 3696 1620 444 651 3952 3990 3245 2812 3406 2244 181 
CAR_17: 3520 3564 2285 1374 2022 4483 4509 4084 812 1807 729 2667 3775 2460 
CAR_18: 3519 3974 
CAR_19: 3516 4300 3706 107 3591 
CAR_20: 3515 3983 
CAR_21: 3477 3850 
CAR_22: 4209 3459 572 4668 2474 3190 2349 586 3349 2399 749 1502 2278 126 3746 1229 3452 612 4666 3106 2378 3287 4009 272 24 1013 1619 4481 287 3088 2071 2481 365 904 4075 3894 1698 235 1422 324 2782 4641 3180 1227 3282 1798 4511 4639 599 3101 3113 3151 2593 1320 4037 1858 3650 2613 4586 2515 2049 1300 2070 4071 4175 4069 816 1114 4669 4382 101 4428 3227 2471 2247 352 269 1451 2973 1158 1740 3136 3908 964 2648 741 2203 1175 4734 274 3231 1538 2884 3866 2632 1341 2218 3381 3750 3316 4386 4339 717 3341 473 4330 1531 4700 1260 2758 1745 1724 64 2554 2793 4183 2669 2200 3678 4028 4068 362 1349 4742 4496 4438 2406 1000 1979 2634 312 489 4011 2264 2846 987 1986 1254 1290 2016 1951 1972 1663 4130 506 383 2826 4663 796 1855 1690 2841 393 448 1450 4088 4194 557 4271 1876 4284 4029 1827 3424 37 522 866 1550 1733 182 2400 731 2187 4150 3510 621 4557 2242 723 884 1188 3883 1828 4435 3308 1496 4055 2610 300 3040 1626 1288 3206 1466 2134 3212 412 3676 1444 3943 2050 3675 3253 276 954 3373 1964 3772 1253 2128 2864 703 1381 3646 4244 4222 5 1958 4076 3554 2836 4473 
CAR_23: 3391 3788 3137 3702 4687 2077 1063 3472 2191 2769 4210 1452 3704 521 2032 1799 
CAR_24: 4615 3358 630 2525 3152 1329 644 3143 684 3337 4238 4526 3153 2122 2256 1974 4556 2186 2988 1517 57 2916 2147 
CAR_25: 3925 3352 3386 1380 3687 
CAR_26: 3932 3322 2467 4351 840 674 2649 1847 3070 3506 3261 1969 4364 4390 2 4713 1934 4321 4613 1414 1080 4361 2820 2913 4603 1867 1058 581 
CAR_27: 3315 3628 
CAR_28: 3274 3965 
CAR_29: 3138 3615 3826 745 2971 2636 1481 3387 4048 348 3208 3047 1004 2733 1536 805 3763 84 2028 555 1090 3251 
CAR_30: 3402 3110 1339 1310 4589 2198 4708 
CAR_31: 4060 3074 3045 445 4558 3975 568 4354 4278 4652 1639 3542 326 1946 1112 2013 2986 2926 1715 606 3421 1456 1184 1134 677 2894 2109 780 4236 1062 2038 1318 62 1082 4193 4160 1091 462 790 800 1566 1246 
CAR_32: 3054 4080 
CAR_33: 3051 4043 3059 1763 10 2695 1569 232 3309 1224 329 328 3382 1928 3198 578 4445 1840 2939 760 1684 3655 784 3015 4462 
CAR_34: 3043 4228 1761 707 
CAR_35: 3014 3738 
CAR_36: 2999 3749 3927 4448 4007 1115 420 75 457 4045 3684 213 3543 4507 989 933 1594 1822 1851 3479 1378 1816 3018 164 4172 3993 1700 246 3581 4131 4380 2063 3562 1001 2004 2179 3395 1295 1826 2700 4733 1889 3620 3491 1395 961 3553 3020 1473 1941 2681 2462 3634 2439 4457 3624 1694 3874 1170 221 2689 1149 3284 1394 655 706 645 1361 3526 1841 3596 3096 1237 441 1296 902 627 2149 2784 4535 1629 27 4234 389 561 1040 1257 596 4554 3268 1180 926 1183 3052 2262 375 4459 640 888 831 3102 1616 244 2945 2548 3557 1343 1209 3778 1613 639 811 3365 2915 
CAR_37: 4719 2997 1328 3884 3550 4575 2906 4434 
CAR_38: 2977 3819 3856 4530 3811 1991 1896 1562 1485 3991 2192 1100 3707 629 2777 1634 1477 3902 3572 1015 2502 2549 4041 
CAR_39: 3907 2966 782 3905 2184 4058 739 2196 156 4548 2961 4546 2930 3711 2954 2381 2795 4304 3197 1409 40 855 1304 2523 733 4265 
CAR_40: 2943 3890 
CAR_41: 2876 4487 3372 3023 1236 1805 507 2282 769 670 1073 2181 18 3667 
CAR_42: 3004 2834 3567 2107 3857 2114 2173 3631 
CAR_43: 3362 2822 920 
CAR_44: 3320 2817 2350 1783 
CAR_45: 2813 4291 4227 1677 1588 2633 4224 687 1933 1208 3575 3817 143 1758 2455 3041 3220 3305 2588 212 4612 275 1721 4099 
CAR_46: 4691 2770 481 1510 360 1568 1373 4059 4494 2099 3441 1195 1609 3637 2752 2248 3057 4524 2995 1292 747 3765 16 68 2115 2696 4580 1106 230 3714 1781 2960 3168 4320 2575 2031 3754 2734 331 2725 2029 592 2040 3191 4726 1038 2351 4602 2212 
CAR_47: 4647 2759 1274 3573 2863 1955 2298 609 261 
CAR_48: 3730 2756 2065 1366 666 914 3718 4019 813 260 3529 4343 4110 4322 4628 3517 14 3099 1811 1126 2148 2952 4038 2154 1391 3649 817 3464 76 4290 2416 2491 2094 1055 3339 2920 3306 526 3408 4490 4512 2898 23 196 1418 4218 1789 3727 2383 2153 2440 4348 2809 1784 1299 517 683 4050 1480 1586 4433 4520 1041 1152 2195 1930 1371 1031 4704 1627 1411 3821 
CAR_49: 2747 2858 2479 1457 3446 22 2506 3157 1583 3923 2912 487 3273 3979 2341 2144 2217 2917 2625 309 1052 1802 4620 1136 2833 4699 693 3593 
CAR_50: 3345 2741 2296 
CAR_51: 4717 2724 3492 2573 903 2645 341 1281 2527 4252 4533 3011 862 3436 3994 754 2234 3192 4121 2362 
CAR_52: 4411 2720 2824 2896 1067 918 4399 3658 166 491 173 1544 3648 3622 2953 556 4052 1420 3271 21 1508 3693 3214 1631 2222 4402 1567 2666 3633 4242 2816 3318 2188 3948 3026 1247 579 4119 2940 4431 737 1412 4605 1852 2975 4680 2806 534 3091 1532 4282 4728 2331 1419 3411 585 2683 4504 891 
CAR_53: 2716 3296 2630 3460 2017 67 231 4736 3360 2053 415 2671 361 2509 2772 195 591 2482 4258 2888 3918 2874 1571 1995 4609 4372 2497 580 1166 
CAR_54: 4201 2715 2303 3439 1614 1731 4443 619 3843 3303 4180 152 267 2165 410 1379 1119 2014 4116 382 4108 170 2449 3672 2563 
CAR_55: 2713 4147 2155 4570 4486 929 2797 3093 3084 4355 3348 2243 4583 1269 3695 1775 3267 435 2483 1703 3228 3677 2254 3900 1425 3647 1780 3209 2710 1587 1643 625 1561 969 2255 3317 2969 2620 876 1231 2690 
CAR_56: 3294 2621 3796 1641 562 2292 247 4248 3260 1363 1215 999 4126 844 892 1788 217 2599 124 61 4447 
CAR_57: 2602 3880 
CAR_58: 3755 2592 113 3229 431 2709 2750 2120 1729 3177 946 2529 1006 4092 
CAR_59: 2582 4696 407 1469 3203 277 1970 3286 
CAR_60: 2579 2944 1199 
CAR_61: 2566 4657 
CAR_62: 2558 3739 1844 3617 2343 3032 4387 887 1436 4403 3547 3710 2546 3733 2470 913 2560 3682 1533 778 1856 4199 638 893 2786 502 1306 1368 2512 4544 1250 740 4502 4450 2420 2872 
CAR_63: 2542 2848 1125 3466 1791 2948 4587 4683 4389 97 1163 4675 3068 2892 499 2431 168 2211 1785 2006 2815 3463 3409 87 3217 2530 106 417 544 548 3728 678 3910 594 2237 325 1293 1261 388 3207 4714 2356 1842 2547 943 1045 3222 419 292 427 1065 357 1317 7 358 4190 1214 770 3569 819 3140 991 894 337 1326 3442 2684 3083 4522 1920 136 1760 2698 936 256 4396 1213 4677 2933 1273 4336 1834 2764 4584 474 538 202 1092 4111 565 2036 2679 3588 3806 2950 333 3761 2302 4514 3972 2881 1952 623 4095 178 3627 391 1252 3875 2595 3250 2215 4629 286 3423 3719 3887 3977 1581 657 2412 4357 305 2453 2519 281 3833 4008 549 4410 1591 475 879 2152 4185 4020 4270 449 2129 2288 4014 2410 2776 2601 4412 1389 597 3022 3451 1475 4203 4112 3914 2980 2078 688 2346 3073 3538 825 2978 1683 4217 482 4369 1383 3028 3435 3699 3254 771 1488 1118 783 2335 114 2839 1530 3188 1147 4328 1075 3195 3298 637 4166 35 1921 2829 3960 3380 1372 3840 2538 4741 1542 384 2468 1071 3836 3147 2662 3001 1301 525 3674 4539 4072 3604 1878 291 4702 179 1944 1345 931 4198 4163 2739 3000 3266 4286 2330 1445 394 900 1081 3249 1348 1874 1459 1838 524 3940 
CAR_64: 2504 4170 
CAR_65: 2493 3312 4582 1014 330 
CAR_66: 4274 2484 3999 845 1196 4046 3797 3795 4200 2514 2659 73 4388 
CAR_67: 2475 2473 2611 4543 827 981 4377 2677 710 
CAR_68: 2436 3385 1245 4440 2081 
CAR_69: 3162 2415 960 2524 
CAR_70: 2384 3363 
CAR_71: 2368 2626 1605 209 1940 4540 190 344 714 1572 91 4287 
CAR_72: 3653 2360 2564 4424 2055 1200 3697 2873 1917 1239 1818 3589 1665 119 3055 930 3574 1795 2791 2273 
CAR_73: 2358 3118 
CAR_74: 2348 2852 4420 1401 649 3938 3723 3828 105 3747 4359 100 2344 2304 4705 416 120 1732 203 3820 906 1358 3971 3223 3126 3580 2271 2962 3350 1756 3329 3639 815 1691 2596 4471 205 
CAR_75: 2322 3077 3235 1321 3325 2651 3323 1355 1127 1739 2333 1434 1390 229 2494 1725 1402 4735 721 533 3278 1050 2956 1099 4468 4738 2692 3115 3934 17 
CAR_76: 2290 3607 
CAR_77: 2664 2250 33 1222 4694 3758 2722 1662 2576 262 2043 1872 3686 
CAR_78: 3825 2246 1211 3525 3397 2646 4139 3457 3394 711 
CAR_79: 4415 2201 2850 3342 4427 1701 2883 3544 1578 4309 
CAR_80: 2183 3760 3159 2901 620 2932 1585 4261 4506 2102 3541 3576 2861 530 3933 1074 641 3608 1819 759 2653 3060 1093 4489 2472 1764 3967 250 4549 4485 854 604 2085 3035 2338 3146 3393 2718 3598 3132 2498 1697 3097 3783 418 1244 3715 282 2938 3042 3326 2039 2730 3139 608 4047 1323 505 2891 
CAR_81: 2178 2442 4568 1256 313 2672 1747 1384 4478 932 4264 4500 2719 371 4685 2461 3199 4537 2631 1042 2614 957 251 1868 3774 3181 4499 3858 1174 4672 601 2315 4374 279 3853 406 1076 1592 3638 886 210 1165 4143 3462 1830 1207 2513 3734 1884 4406 2075 3213 69 951 1524 559 219 3290 4006 2654 2204 220 1905 3340 2825 1276 472 1849 3332 3722 1977 398 4376 570 3090 2682 2967 4042 832 2968 2405 1705 3503 4273 4077 51 4456 1770 1950 3861 3048 2345 4104 4026 934 2591 3021 2814 730 
CAR_82: 2177 4065 
CAR_83: 2163 3289 3920 1580 1249 1927 2729 258 2019 174 3508 4049 2142 2224 4113 1223 
CAR_84: 3527 2126 2235 1033 1997 3737 4621 2145 3625 3123 635 4 653 1059 1919 3105 3230 2832 4551 2923 2586 4479 4057 3839 3988 2618 3561 215 28 376 4319 4114 1962 2532 3201 4118 45 4162 3878 1308 151 3968 2627 2647 697 1346 2023 4453 1718 3803 8 1871 924 3400 390 3447 970 1549 4653 3127 19 4123 1863 3275 3210 2622 4164 3414 4157 746 1942 543 280 830 4158 4659 4458 4032 1334 3420 2811 112 1151 3949 1048 155 626 1806 1148 4472 2151 1837 3726 4740 43 908 2324 2068 628 4063 370 4062 944 820 4243 1664 1448 1258 3125 311 501 4572 2274 2286 3814 4101 4176 3392 1904 2108 1742 2639 4690 1812 3367 4106 2856 4635 4074 1463 327 4107 2000 3034 4098 2010 2477 
CAR_85: 2095 3751 
CAR_86: 2064 3455 4393 2955 992 2521 3507 1153 
CAR_87: 4268 2041 3579 429 2066 20 2714 808 2432 3361 2259 3782 4329 131 4308 1101 2021 2732 4645 4585 4408 508 1319 1564 3521 2185 1085 3247 3545 2541 259 1892 4662 1787 1410 2476 1836 1642 1132 135 3870 2008 3328 1728 138 228 2369 2904 2577 2311 15 2778 162 4492 4109 4148 3304 858 
CAR_88: 3904 1982 1699 3959 4571 1375 3970 2827 78 1575 3518 2902 3458 835 1590 793 3896 2307 3407 334 96 2757 875 2763 1078 307 4720 4536 1999 2210 4103 1924 2907 2934 881 3717 2581 4165 2236 3037 4601 3941 1232 2380 2796 2742 965 1138 1809 1714 1333 4368 1230 3033 1750 450 
CAR_89: 3812 1935 1354 1421 2937 1669 755 3470 2607 4521 3413 42 3343 1985 242 2458 2965 2219 1365 226 3583 1282 485 4541 554 176 3356 3172 2176 2306 1021 3027 3498 4022 1857 3895 3425 3882 4730 4134 2160 661 306 4292 4727 656 4656 947 753 2972 2508 1016 1070 1438 921 1497 1633 1029 995 
CAR_90: 1910 2464 308 2650 
CAR_91: 1918 1850 2275 1903 1599 2760 915 3224 463 2570 1172 650 663 2844 1931 3374 86 3259 3336 2252 852 1049 2691 1611 2087 672 1864 2990 3877 3307 1037 
CAR_92: 3016 1846 4463 988 738 111 1430 
CAR_93: 2136 1843 807 919 2048 248 3003 218 3211 1980 3434 1801 3483 552 2267 2045 699 2641 654 1796 117 4709 3196 34 4251 2157 347 452 2026 3107 2110 2702 646 2097 1275 1335 1330 1505 493 2847 2190 3500 3239 3256 4051 1446 1234 2233 3453 4196 4036 3353 773 1519 3823 3986 1624 2046 1479 3741 519 3080 3444 3961 1137 1937 1003 3613 3279 2686 4701 667 1385 2329 1957 540 2047 4326 3313 1622 3950 1514 2616 2281 1157 3619 2328 2366 4698 3640 4651 2507 1945 1154 1947 2428 2606 1478 529 3832 60 1181 2882 1988 3281 4460 3752 161 2012 4090 3690 2510 910 4466 1676 2897 142 1647 865 1682 438 4356 4409 59 2414 3854 3465 3012 2738 3050 2935 3433 3121 3064 1660 1707 3989 1595 4711 3609 4064 2316 4144 4219 4715 882 1116 2487 1432 93 367 2057 2754 2544 3076 1198 1083 2615 2495 2435 1036 3497 3364 1646 715 397 2638 1713 814 1376 3777 3280 3310 2657 2258 1908 423 2105 2594 1882 2232 252 2020 2260 353 4192 787 1008 4097 1068 1010 1433 1815 2007 701 2367 4145 2112 2887 1637 2393 2762 2835 2723 836 1030 2678 633 1491 3816 3776 1089 3846 1458 518 3276 3939 4283 467 2704 2567 1026 3490 2291 700 2385 3226 3855 1205 972 685 1865 1515 2880 4289 1792 1759 3437 
CAR_94: 1839 2905 
CAR_95: 1794 3344 3731 4452 2265 2918 1179 1975 
CAR_96: 1772 4346 
CAR_97: 1746 2728 4627 3981 4518 1243 849 2993 582 4470 3780 4105 1534 264 2361 2389 1096 278 56 4658 1570 4618 1197 442 1332 4316 4027 1965 172 1 1674 3996 3602 2536 3626 927 4560 2676 3116 4436 460 1939 295 2238 3031 4493 728 744 2598 2561 864 1825 1762 1103 3377 342 3685 2289 3175 3025 4532 1579 3997 958 2921 1879 1353 4260 3184 1035 3270 1981 777 4722 1277 2334 1860 2492 4305 148 3204 4213 3095 257 1528 2748 2229 3992 980 2655 4272 1146 3135 4630 2101 3036 772 4197 2443 2241 802 878 4593 2996 2931 3872 636 2572 1766 1407 4195 2430 3134 3522 4120 4115 2437 4670 3724 2857 2637 1039 1370 4638 2721 3786 103 1307 2879 1108 31 1369 4712 1202 3740 90 320 3454 898 2644 600 573 214 3892 3928 3494 1305 470 4205 437 108 2111 32 1890 3156 983 504 2433 4033 4725 3852 4061 484 1696 1870 1658 2685 3587 877 4117 4392 4743 3283 1675 4031 4581 1241 1751 4508 1142 1454 681 4731 3277 1509 177 4013 354 3399 4721 2551 3049 742 147 1845 211 1309 4400 2505 3785 2869 4002 2418 4475 318 2162 99 82 3815 911 1741 1322 2927 2862 3471 4634 2352 1507 3838 3301 2781 1885 1415 425 3053 775 1888 3946 454 4439 2123 2245 3056 871 104 2799 4523 3327 1915 4596 1019 2133 1900 2597 85 1272 2928 2526 4414 2340 4503 1303 3689 1427 4363 2417 49 1324 2843 851 2587 3834 3008 1523 1262 
CAR_98: 1998 1744 1650 2705 3794 1543 2699 2675 2419 1790 558 3611 116 4633 456 3768 4591 3652 1347 1672 3131 1022 895 2534 2168 1537 870 3509 
CAR_99: 2317 1709 616 2228 3384 385 
CAR_100: 2910 1671 4151 4531 2708 6 
CAR_101: 3618 1670 3443 757 125 842 3995 952 3430 1009 1284 2447 4125 2463 4235 569 4378 2959 2426 1312 3263 3258 3837 2106 4661 3599 133 4253 2486 2974 953 351 201 545 3495 905 2272 3169 1263 3233 1248 2409 748 1413 2964 1552 4519 4000 1056 39 3166 977 3756 4604 3359 3440 293 254 4254 3241 3610 611 3665 2297 1831 3701 4285 4622 409 2268 3288 3824 3366 509 3428 994 1131 1392 3013 1298 4030 2853 3555 4569 3100 3189 1128 4451 2327 4441 400 4430 83 
CAR_102: 1659 2171 
CAR_103: 3705 1654 4595 2929 38 3808 704 
CAR_104: 1651 4053 
CAR_105: 1648 4681 
CAR_106: 2169 1638 197 
CAR_107: 1625 2780 1600 2511 
CAR_108: 1615 3480 
CAR_109: 1574 2082 2092 2121 2854 4617 2640 1563 1797 3219 756 1901 4003 2459 3499 1217 
CAR_110: 1560 3767 
CAR_111: 2559 1559 191 
CAR_112: 1554 3264 890 2376 1442 
CAR_113: 1547 3061 192 
CAR_114: 1539 3681 1778 2197 3590 458 
CAR_115: 1692 1535 1386 2230 3851 1338 2305 3186 3531 451 751 3398 971 3732 
CAR_116: 4644 1518 3592 975 1604 2172 2456 2569 4083 2787 798 
CAR_117: 1511 2578 1447 1124 
CAR_118: 2562 1489 3468 1251 1635 1748 4169 3720 2117 2332 4128 1832 859 2130 2585 3485 3338 912 2652 1313 3945 1226 
CAR_119: 1895 1487 2568 2104 2073 1367 3630 66 1449 175 1948 2870 268 889 405 1069 2284 3376 3160 500 2981 4249 2703 4545 3698 3962 4498 848 46 3038 962 3234 826 1435 2364 3501 408 1185 4182 346 3174 3791 2584 478 1929 322 2466 1555 3841 3383 4654 3930 3703 4313 2277 4598 343 1350 1027 1823 1141 4281 3621 2736 4649 1403 4381 2445 1912 665 853 4039 2408 4550 1618 1396 1546 3456 2603 2413 4642 4391 2779 2015 850 4159 1804 2819 3502 3659 2231 169 1773 2100 2707 488 2457 199 183 3513 2878 122 3769 273 2755 564 3065 2855 2765 4299 1755 79 1289 303 1821 302 4266 3378 4035 158 2001 2363 695 3664 3835 735 4688 1753 4136 1023 
CAR_120: 1424 4527 1387 
CAR_121: 1399 2202 
CAR_122: 1351 2658 3514 1190 446 4655 3762 3069 938 1862 
CAR_123: 1337 2118 
CAR_124: 2545 1294 3804 2803 3487 2174 679 109 
CAR_125: 1291 2642 3449 1133 4737 642 4623 2140 4161 2753 4636 3488 1094 1145 
CAR_126: 3285 1287 1504 298 3371 
CAR_127: 3154 1279 3792 941 3063 776 
CAR_128: 2994 1238 2663 3017 4432 4012 691 4590 801 289 1545 587 2726 2771 207 2011 379 3426 3809 2170 3901 671 1607 
CAR_129: 1235 2365 3955 134 3549 1548 2553 1364 3881 2240 1344 4311 873 2402 2925 434 860 3683 
CAR_130: 1495 1220 4482 3475 1097 2434 571 4491 4333 140 3448 2701 712 3662 2312 1722 1956 1649 2767 2821 3236 880 4573 3416 523 3511 2091 3926 4525 1520 828 428 3417 401 4561 4631 2867 1757 1404 2404 4335 1666 2985 414 1079 4562 3232 1712 4667 3800 1668 3445 186 1512 2501 2293 1482 141 
CAR_131: 4350 1192 3623 30 12 3679 
CAR_132: 1182 3793 1429 511 4528 2783 1540 1472 3729 2670 3142 3535 2206 4079 4310 1191 1102 1612 2557 1212 2175 4078 4624 3859 1167 3432 3104 3481 4331 722 3987 3120 3321 1954 2074 2310 1218 296 979 2044 1730 3700 4693 1582 1765 1734 648 3089 763 4697 4184 4226 2490 1968 3351 1005 339 631 
CAR_133: 1143 2080 
CAR_134: 1130 1476 
CAR_135: 4255 1121 3745 1428 4189 2387 238 
CAR_136: 1032 2674 
CAR_137: 1002 3482 528 
CAR_138: 998 2731 372 1803 2336 2394 1020 1541 171 464 1983 1302 2208 1717 1854 1109 940 868 1388 1064 3183 4413 4332 239 3891 4149 1011 662 3185 1621 1597 4297 1873 1144 2866 477 1861 3757 4421 4280 3007 4223 2694 4679 1573 3505 1156 2528 2924 1362 2084 1492 2998 4516 3766 29 515 2096 3002 618 4429 3712 3331 137 2355 2098 1521 1769 2845 3899 77 2116 1992 4096 4682 3375 3240 189 3845 513 1168 3871 2859 916 2438 3486 1628 1640 1881 1736 4423 806 1453 982 4247 531 403 2688 3978 1526 249 3401 839 1959 3985 3764 44 3292 2469 1077 1989 874 2775 2808 3919 3029 3742 690 1704 1800 2706 996 1044 2226 593 3867 3167 193 2680 2374 48 4232 150 1953 4135 1720 1098 4648 2132 2325 4256 1996 2539 613 956 1906 1657 3958 2914 1689 1441 2668 2167 909 2842 
CAR_139: 1117 986 3585 1280 4394 1177 984 4465 4362 3311 3155 821 
CAR_140: 967 3496 
CAR_141: 3911 945 1774 4566 1171 2693 3478 766 3735 2137 310 2590 3300 149 2951 
CAR_142: 917 3225 
CAR_143: 897 3182 206 809 
CAR_144: 833 1054 
CAR_145: 818 2396 3868 3489 2339 1632 761 
CAR_146: 791 2182 
CAR_147: 1140 767 1470 3552 3798 708 
CAR_148: 743 4718 92 2823 4404 2989 1808 294 3171 1206 829 2717 923 3158 1331 160 4660 1680 3847 1923 698 
CAR_149: 1902 709 1971 4207 2069 1810 1193 1113 1973 1623 574 121 4250 2319 2124 2060 2287 1111 3103 4547 4094 3114 3412 2451 1752 240 2643 4154 2030 2609 3773 3066 4600 54 
CAR_150: 664 1527 
CAR_151: 837 632 1024 
CAR_152: 577 1072 
CAR_153: 3111 560 3942 2042 3603 297 4208 2516 857 1471 4141 3161 2533 494 2193 1325 1464 734 4611 4294 686 4497 3885 2488 4237 2127 3476 4637 1630 4323 3390 377 2465 4461 1506 3540 948 2353 1393 1286 937 255 2138 2221 1025 144 1661 2295 395 856 869 3528 1490 950 1105 443 1869 2253 3302 588 3082 2300 139 483 789 624 3244 4220 1129 617 4597 3578 2798 1201 184 2623 1500 1162 3935 1501 3319 4476 4087 350 3736 553 4579 1057 2239 2583 1829 4345 1603 1875 243 607 3357 3876 1898 1397 3530 1135 3405 990 647 3713 3849 3484 1443 4608 1360 4140 3789 88 459 3781 4578 1468 1316 3873 4327 4467 4153 1484 1925 576 3523 899 4567 1916 2276 2936 3092 3295 794 245 4070 3079 4455 3221 4229 3893 4744 2735 129 
CAR_154: 550 1437 3886 4338 1880 3957 2899 13 4056 1737 4515 2441 3346 3141 476 4534 2421 1095 2027 4676 1155 319 127 566 4640 1336 236 1645 130 26 4257 36 4716 615 4349 847 2976 4015 3314 4202 1268 1467 3586 2840 4454 3915 426 3614 1352 1754 284 2139 968 516 1398 486 1061 1340 2161 2624 1423 2604 1584 563 2665 2051 1474 1088 2309 3716 2800 2083 2751 3085 694 1565 1938 4127 4239 2090 768 2009 314 2774 3708 602 503 2377 95 2033 2837 867 2761 3265 4383 1017 1993 2318 803 2207 3560 1776 4565 3584 658 3616 1848 70 4186 4564 304 1553 3071 89 716 2656 1311 4739 3293 4594 3216 4347 2062 2257 3597 736 2025 3709 299 1914 1598 547 673 2266 233 3215 2830 1255 4001 3982 1267 1779 227 1678 1122 3790 263 682 993 2875 2543 1711 2280 3165 4538 381 3030 2392 3237 2697 1743 603 2382 1706 3418 216 3194 1960 542 1551 1686 1034 976 3410 4592 1967 3537 2370 1897 2034 1516 3324 3632 2984 3148 3150 2308 2941 2454 1883 316 3869 1499 4529 551 3721 2216 3909 4650 2372 2444 2270 3404 1465 4017 3354 4179 1187 157 2035 3969 2942 2480 71 2450 3086 3334 74 2395 3019 643 1814 65 4625 4174 323 1513 3654 25 1601 3178 1426 4342 1342 4606 3656 1160 861 317 1782 4367 4419 3964 3193 2425 779 2517 1984 922 668 966 4375 1204 3976 3692 1242 80 4073 4401 436 4187 1327 1990 1285 1408 4703 2749 2522 2113 1462 4010 4021 567 2079 2313 2401 1084 413 1210 942 1053 3582 465 1943 3431 1653 3565 4724 2005 271 843 2903 4269 2478 1771 2054 495 1877 1104 3953 2868 2301 3744 270 466 762 1963 128 4206 1708 2805 2500 896 2320 725 1716 3929 167 1123 3144 81 222 2785 2424 3504 4267 94 2619 838 1440 3921 98 3467 3860 2072 2900 2550 2359 3005 55 3956 3889 4296 4686 2790 2831 2556 223 4384 2199 4295 935 3657 2983 4246 4706 3688 3606 368 2871 3673 1359 1978 824 3912 3297 1265 2628 4225 115 461 3595 1225 411 4588 901 781 4710 4142 3787 676 374 907 356 4379 1894 338 3558 2150 1617 3879 4025 1186 2323 546 2605 2371 4211 1723 2283 1405 447 4324 2164 3094 349 4306 2249 1417 3691 2141 290 3039 4044 3109 3370 498 1558 2908 1673 1976 1529 4034 804 3641 823 4474 2565 3524 3355 2957 497 
CAR_155: 720 527 3998 799 4215 660 185 
CAR_156: 520 4510 1173 3636 2059 3937 9 4501 
CAR_157: 471 692 
CAR_158: 455 4168 
CAR_159: 430 3130 
CAR_160: 424 4397 
CAR_161: 380 3129 2489 332 
CAR_162: 2342 335 4373 2518 2427 3133 3600 1431 590 4729 2849 364 3753 1949 1271 669 2877 537 3 
CAR_163: 288 788 1266 2608 2158 1161 2744 3551 3743 939 4619 2214 4360 453 2895 2865 1377 2574 1483 0 
CAR_164: 253 3108 
CAR_165: 4395 165 4689 
CAR_166: 1695 146 1382 4480 4133 345 3335 2089 2851 949 1907 3831 3419 4303 3954 1786 4707 1577 1909 480 396 4643 1735 4216 1460 3669 4366 3117 1817 1356 997 2061 2422 1494 3947 3176 4089 188 3906 2909 2571 1314 4418 2386 1315 595 3666 4334 234 2347 1264 959 3827 4277 3164 4301 3058 373 974 3187 4352 2002 4178 4124 510 2209 496 758 3389 3291 689 2294 3200 1688 955 4024 3980 3473 492 1461 422 925 2773 2227 2189 3830 4552 1820 3865 145 1416 1727 622 4477 2535 3438 3218 4302 1150 675 2537 598 3243 3799 2946 132 3072 
CAR_167: 301 123 159 3009 3119 3660 2804 3577 3087 1596 536 3779 765 53 
CAR_168: 63 2807 
CAR_169: 265 11 928 
CAR_170: 41 
CAR_171: 50 
CAR_172: 110 
CAR_173: 118 
CAR_174: 187 
CAR_175: 204 
CAR_176: 266 
CAR_177: 285 
CAR_178: 359 
CAR_179: 363 
CAR_180: 378 
CAR_181: 402 
CAR_182: 433 
CAR_183: 439 
CAR_184: 479 
CAR_185: 514 
CAR_186: 532 
CAR_187: 583 
CAR_188: 589 
CAR_189: 605 
CAR_190: 696 
CAR_191: 719 
CAR_192: 726 
CAR_193: 732 
CAR_194: 764 
CAR_195: 785 
CAR_196: 841 
CAR_197: 1028 
CAR_198: 1043 
CAR_199: 1047 
CAR_200: 1087 
CAR_201: 1219 
CAR_202: 1221 
CAR_203: 1233 
CAR_204: 1278 
CAR_205: 1297 
CAR_206: 1439 
CAR_207: 1486 
CAR_208: 1522 
CAR_209: 1525 
CAR_210: 1556 
CAR_211: 1589 
CAR_212: 1644 
CAR_213: 1679 
CAR_214: 1685 
CAR_215: 1687 
CAR_216: 1693 
CAR_217: 1813 
CAR_218: 1886 
CAR_219: 1887 
CAR_220: 1922 
CAR_221: 1961 
CAR_222: 2058 
CAR_223: 2086 
CAR_224: 2088 
CAR_225: 2103 
CAR_226: 2143 
CAR_227: 2156 
CAR_228: 2223 
CAR_229: 2225 
CAR_230: 2261 
CAR_231: 2263 
CAR_232: 2321 
CAR_233: 2357 
CAR_234: 2388 
CAR_235: 2391 
CAR_236: 2411 
CAR_237: 2446 
CAR_238: 2452 
CAR_239: 2531 
CAR_240: 2555 
CAR_241: 2580 
CAR_242: 2673 
CAR_243: 2687 
CAR_244: 2727 
CAR_245: 2745 
CAR_246: 2768 
CAR_247: 2788 
CAR_248: 2794 
CAR_249: 2810 
CAR_250: 2885 
CAR_251: 2889 
CAR_252: 2890 
CAR_253: 2922 
CAR_254: 2979 
CAR_255: 2992 
CAR_256: 3067 
CAR_257: 3112 
CAR_258: 3128 
CAR_259: 3145 
CAR_260: 3202 
CAR_261: 3242 
CAR_262: 3262 
CAR_263: 3269 
CAR_264: 3368 
CAR_265: 3388 
CAR_266: 3396 
CAR_267: 3403 
CAR_268: 3415 
CAR_269: 3469 
CAR_270: 3534 
CAR_271: 3556 
CAR_272: 3571 
CAR_273: 3644 
CAR_274: 3645 
CAR_275: 3651 
CAR_276: 3661 
CAR_277: 3771 
CAR_278: 3801 
CAR_279: 3802 
CAR_280: 3805 
CAR_281: 3888 
CAR_282: 3917 
CAR_283: 4023 
CAR_284: 4066 
CAR_285: 4085 
CAR_286: 4102 
CAR_287: 4122 
CAR_288: 4132 
CAR_289: 4138 
CAR_290: 4155 
CAR_291: 4221 
CAR_292: 4259 
CAR_293: 4263 
CAR_294: 4276 
CAR_295: 4315 
CAR_296: 4325 
CAR_297: 4344 
CAR_298: 4370 
CAR_299: 4385 
CAR_300: 4405 
CAR_301: 4444 
CAR_302: 4446 
CAR_303: 4449 
CAR_304: 4495 
CAR_305: 4505 
CAR_306: 4671 
CAR_307: 4678 
CAR_308: 4695 
